1.7881393432617188e-05
3.6716461181640625e-05
6.175041198730469e-05
0.0002231597900390625
0.0002961158752441406
0.0005900859832763672
0.0008714199066162109
0.0017518997192382812
0.007363796234130859
0.013169527053833008
0.0197751522064209
0.062438249588012695
0.08815217018127441
0.21615242958068848
0.3395414352416992
0.7703762054443359
1.300455093383789
3.121720790863037
4.512055158615112
8.757728338241577
18.71769666671753
54.47969698905945
73.03355884552002
233.67036485671997
574.6949751377106
